0.231456 .016268000000 .005605000000 .000416000000
0.197823 .016333000000 .004932000000 .000352000000
0.227424 .016492000000 .005125000000 .000320000000
0.193920 .016333000000 .005125000000 .000449000000
0.202112 .016332000000 .005284000000 .000416000000
0.196767 .016493000000 .005380000000 .000321000000
0.208864 .016169000000 .005730000000 .000352000000
0.184896 .016333000000 .005445000000 .000385000000
0.194303 .016330000000 .005123000000 .000481000000
0.206176 .016202000000 .004995000000 .000352000000
0.205344 .016492000000 .005957000000 .000481000000
0.204319 .016332000000 .005123000000 .000448000000
0.207903 .016330000000 .004994000000 .000320000000
0.196736 .016329000000 .005444000000 .000384000000
0.209280 .016459000000 .005092000000 .000320000000
0.190432 .016333000000 .005252000000 .000481000000
0.210816 .016332000000 .004836000000 .000320000000
0.227423 .016458000000 .005381000000 .000352000000
0.245728 .016332000000 .004707000000 .000385000000
0.218688 .016492000000 .004837000000 .000352000000
