3.915578 3.3078 .056417000000 .057281000000
3.895802 3.3076 .056583000000 .058282000000
3.846042 3.3081 .057152000000 .057471000000
3.884601 3.3092 .056512000000 .056671000000
3.915961 3.3121 .056232000000 .057480000000
3.962201 3.3099 .056649000000 .057066000000
3.885946 3.3099 .055873000000 .057825000000
3.877210 3.3102 .056041000000 .057001000000
3.887482 3.3125 .056224000000 .056353000000
3.871642 3.3078 .055593000000 .057065000000
3.894713 3.3064 .058147000000 .058595000000
3.882970 3.3113 .056363000000 .055978000000
3.898714 3.3101 .056864000000 .059875000000
3.934009 3.3092 .056514000000 .055488000000
3.895577 3.3085 .056171000000 .055883000000
3.901145 3.3079 .055999000000 .057825000000
3.863609 3.3080 .056841000000 .056167000000
3.885561 3.3090 .056351000000 .057311000000
3.884409 3.3097 .057513000000 .057162000000
3.950745 3.3092 .057095000000 .057160000000
