5.976981 5.3398 .108010000000 .100000000000
5.969333 5.3403 .106800000000 .100710000000
5.980213 5.3390 .109310000000 .100890000000
5.994006 5.3421 .107280000000 .100200000000
5.988885 5.3413 .107210000000 .099816000000
6.014997 5.3415 .107750000000 .101990000000
5.976821 5.3410 .107120000000 .099271000000
5.999542 5.3402 .106180000000 .100710000000
5.984917 5.3393 .106940000000 .099476000000
5.962805 5.3418 .105960000000 .100550000000
6.023157 5.3410 .107590000000 .100740000000
5.956438 5.3407 .106280000000 .100710000000
6.003285 5.3416 .107750000000 .099429000000
5.962229 5.3392 .107210000000 .100390000000
5.974485 5.3398 .107930000000 .100820000000
5.982933 5.3417 .105990000000 .101030000000
5.942773 5.3403 .107460000000 .100740000000
6.082933 5.3404 .106630000000 .101030000000
5.965045 5.3411 .107560000000 .097988000000
5.977301 5.3395 .105990000000 .100230000000
