0.173151 .013449000000 .004484000000 .000480000000
0.191232 .013128000000 .005379000000 .000320000000
0.187680 .013130000000 .004804000000 .000480000000
0.179264 .013128000000 .005378000000 .000320000000
0.174816 .013127000000 .004964000000 .000320000000
0.215967 .013291000000 .005347000000 .000480000000
0.188064 .013128000000 .005090000000 .000320000000
0.192832 .013289000000 .004514000000 .000320000000
0.181087 .013128000000 .004963000000 .000385000000
0.207519 .013450000000 .004164000000 .000320000000
0.175680 .013290000000 .005156000000 .000448000000
0.176959 .013129000000 .005220000000 .000448000000
0.186495 .013130000000 .004644000000 .000320000000
0.191264 .013128000000 .005059000000 .000416000000
0.191264 .013160000000 .005156000000 .000480000000
0.189727 .013450000000 .005892000000 .000480000000
0.174976 .013128000000 .005028000000 .000449000000
0.203135 .013288000000 .005220000000 .000384000000
0.167007 .013128000000 .005092000000 .000481000000
0.176223 .013160000000 .005474000000 .000481000000
