162.912909 73.188 44.892 44.679
141.644669 73.187 44.839 44.670
162.934248 70.901 44.914 44.679
164.483513 73.187 44.839 44.670
141.738678 73.188 44.881 44.670
163.527841 73.513 44.833 44.680
153.498635 73.188 44.888 44.670
142.065132 73.192 44.893 44.680
164.121576 73.195 44.883 44.670
142.088662 70.695 44.874 44.669
163.692018 73.196 44.886 44.690
149.564397 70.102 44.887 44.680
142.051007 73.192 44.918 44.690
164.014062 73.195 44.889 44.670
142.084915 73.197 44.765 44.671
163.719418 73.198 44.921 44.670
143.230708 73.194 44.900 44.670
142.689825 71.475 44.900 44.680
149.947487 73.193 44.922 44.670
142.035973 73.197 44.918 44.689
