0.076251 .013792000000 .010400000000 .006111000000
0.069287 .013632000000 .010880000000 .006081000000
0.073315 .013696000000 .010496000000 .006080000000
0.069877 .013696000000 .010784000000 .006081000000
0.075013 .013728000000 .010560000000 .006080000000
0.081275 .013728000000 .010560000000 .006111000000
0.076776 .013632000000 .010656000000 .006080000000
0.071621 .013696000000 .010624000000 .006112000000
0.078740 .013632000000 .010624000000 .006080000000
0.074938 .013696000000 .010560000000 .006080000000
0.068907 .013728000000 .010464000000 .006112000000
0.074174 .013696000000 .010464000000 .006111000000
0.068018 .013728000000 .010368000000 .006112000000
0.079045 .013632000000 .010560000000 .006144000000
0.070188 .013728000000 .010560000000 .006080000000
0.072274 .013600000000 .010399000000 .006112000000
0.069832 .013663000000 .010528000000 .006143000000
0.072678 .013727000000 .010592000000 .006080000000
0.080944 .013663000000 .010592000000 .006080000000
0.072998 .013696000000 .010591000000 .006111000000
