     50.1        1,748,672      1  1,748,672.0  1,748,672.0  1,748,672  1,748,672          0.0  [CUDA memcpy DtoH]
     67.109      1    67.109    67.109    67.109    67.109        0.000  [CUDA memcpy DtoH]
     50.0        1,746,240      1  1,746,240.0  1,746,240.0  1,746,240  1,746,240          0.0  [CUDA memcpy DtoH]
     67.109      1    67.109    67.109    67.109    67.109        0.000  [CUDA memcpy DtoH]
     50.0        1,746,848      1  1,746,848.0  1,746,848.0  1,746,848  1,746,848          0.0  [CUDA memcpy DtoH]
     67.109      1    67.109    67.109    67.109    67.109        0.000  [CUDA memcpy DtoH]
     50.0        1,743,680      1  1,743,680.0  1,743,680.0  1,743,680  1,743,680          0.0  [CUDA memcpy DtoH]
     67.109      1    67.109    67.109    67.109    67.109        0.000  [CUDA memcpy DtoH]
     50.1        1,747,424      1  1,747,424.0  1,747,424.0  1,747,424  1,747,424          0.0  [CUDA memcpy DtoH]
     67.109      1    67.109    67.109    67.109    67.109        0.000  [CUDA memcpy DtoH]
     50.0        1,747,840      1  1,747,840.0  1,747,840.0  1,747,840  1,747,840          0.0  [CUDA memcpy DtoH]
     67.109      1    67.109    67.109    67.109    67.109        0.000  [CUDA memcpy DtoH]
     50.0        1,746,560      1  1,746,560.0  1,746,560.0  1,746,560  1,746,560          0.0  [CUDA memcpy DtoH]
     67.109      1    67.109    67.109    67.109    67.109        0.000  [CUDA memcpy DtoH]
     50.0        1,744,640      1  1,744,640.0  1,744,640.0  1,744,640  1,744,640          0.0  [CUDA memcpy DtoH]
     67.109      1    67.109    67.109    67.109    67.109        0.000  [CUDA memcpy DtoH]
     50.0        1,745,312      1  1,745,312.0  1,745,312.0  1,745,312  1,745,312          0.0  [CUDA memcpy DtoH]
     67.109      1    67.109    67.109    67.109    67.109        0.000  [CUDA memcpy DtoH]
     49.9        1,741,152      1  1,741,152.0  1,741,152.0  1,741,152  1,741,152          0.0  [CUDA memcpy DtoH]
     67.109      1    67.109    67.109    67.109    67.109        0.000  [CUDA memcpy DtoH]
     50.0        1,745,600      1  1,745,600.0  1,745,600.0  1,745,600  1,745,600          0.0  [CUDA memcpy DtoH]
     67.109      1    67.109    67.109    67.109    67.109        0.000  [CUDA memcpy DtoH]
     50.0        1,747,008      1  1,747,008.0  1,747,008.0  1,747,008  1,747,008          0.0  [CUDA memcpy DtoH]
     67.109      1    67.109    67.109    67.109    67.109        0.000  [CUDA memcpy DtoH]
     50.0        1,746,848      1  1,746,848.0  1,746,848.0  1,746,848  1,746,848          0.0  [CUDA memcpy DtoH]
     67.109      1    67.109    67.109    67.109    67.109        0.000  [CUDA memcpy DtoH]
     50.0        1,742,112      1  1,742,112.0  1,742,112.0  1,742,112  1,742,112          0.0  [CUDA memcpy DtoH]
     67.109      1    67.109    67.109    67.109    67.109        0.000  [CUDA memcpy DtoH]
     50.0        1,743,744      1  1,743,744.0  1,743,744.0  1,743,744  1,743,744          0.0  [CUDA memcpy DtoH]
     67.109      1    67.109    67.109    67.109    67.109        0.000  [CUDA memcpy DtoH]
     50.0        1,744,992      1  1,744,992.0  1,744,992.0  1,744,992  1,744,992          0.0  [CUDA memcpy DtoH]
     67.109      1    67.109    67.109    67.109    67.109        0.000  [CUDA memcpy DtoH]
     50.1        1,748,256      1  1,748,256.0  1,748,256.0  1,748,256  1,748,256          0.0  [CUDA memcpy DtoH]
     67.109      1    67.109    67.109    67.109    67.109        0.000  [CUDA memcpy DtoH]
     50.0        1,745,984      1  1,745,984.0  1,745,984.0  1,745,984  1,745,984          0.0  [CUDA memcpy DtoH]
     67.109      1    67.109    67.109    67.109    67.109        0.000  [CUDA memcpy DtoH]
     50.0        1,746,464      1  1,746,464.0  1,746,464.0  1,746,464  1,746,464          0.0  [CUDA memcpy DtoH]
     67.109      1    67.109    67.109    67.109    67.109        0.000  [CUDA memcpy DtoH]
     49.9        1,742,240      1  1,742,240.0  1,742,240.0  1,742,240  1,742,240          0.0  [CUDA memcpy DtoH]
     67.109      1    67.109    67.109    67.109    67.109        0.000  [CUDA memcpy DtoH]
