     49.9        1,744,448      3    581,482.7        416.0        384  1,743,648  1,006,464.7  [CUDA memcpy HtoD]
     67.111      3    22.370     0.001     0.001    67.109       38.745  [CUDA memcpy HtoD]
     50.0        1,747,584      3    582,528.0        384.0        384  1,746,816  1,008,303.0  [CUDA memcpy HtoD]
     67.111      3    22.370     0.001     0.001    67.109       38.745  [CUDA memcpy HtoD]
     50.0        1,744,064      3    581,354.7        416.0        384  1,743,264  1,006,243.0  [CUDA memcpy HtoD]
     67.111      3    22.370     0.001     0.001    67.109       38.745  [CUDA memcpy HtoD]
     50.0        1,742,848      3    580,949.3        384.0        384  1,742,080  1,005,568.7  [CUDA memcpy HtoD]
     67.111      3    22.370     0.001     0.001    67.109       38.745  [CUDA memcpy HtoD]
     49.9        1,737,856      3    579,285.3        384.0        384  1,737,088  1,002,686.5  [CUDA memcpy HtoD]
     67.111      3    22.370     0.001     0.001    67.109       38.745  [CUDA memcpy HtoD]
     50.0        1,746,688      3    582,229.3        416.0        384  1,745,888  1,007,758.0  [CUDA memcpy HtoD]
     67.111      3    22.370     0.001     0.001    67.109       38.745  [CUDA memcpy HtoD]
     50.0        1,747,296      3    582,432.0        384.0        384  1,746,528  1,008,136.7  [CUDA memcpy HtoD]
     67.111      3    22.370     0.001     0.001    67.109       38.745  [CUDA memcpy HtoD]
     50.0        1,742,272      3    580,757.3        384.0        384  1,741,504  1,005,236.1  [CUDA memcpy HtoD]
     67.111      3    22.370     0.001     0.001    67.109       38.745  [CUDA memcpy HtoD]
     50.0        1,746,688      3    582,229.3        416.0        384  1,745,888  1,007,758.0  [CUDA memcpy HtoD]
     67.111      3    22.370     0.001     0.001    67.109       38.745  [CUDA memcpy HtoD]
     50.1        1,745,728      3    581,909.3        384.0        384  1,744,960  1,007,231.4  [CUDA memcpy HtoD]
     67.111      3    22.370     0.001     0.001    67.109       38.745  [CUDA memcpy HtoD]
     50.0        1,744,864      3    581,621.3        384.0        384  1,744,096  1,006,732.6  [CUDA memcpy HtoD]
     67.111      3    22.370     0.001     0.001    67.109       38.745  [CUDA memcpy HtoD]
     50.0        1,747,744      3    582,581.3        416.0        416  1,746,912  1,008,339.9  [CUDA memcpy HtoD]
     67.111      3    22.370     0.001     0.001    67.109       38.745  [CUDA memcpy HtoD]
     50.0        1,745,984      3    581,994.7        416.0        416  1,745,152  1,007,323.8  [CUDA memcpy HtoD]
     67.111      3    22.370     0.001     0.001    67.109       38.745  [CUDA memcpy HtoD]
     50.0        1,743,712      3    581,237.3        416.0        384  1,742,912  1,006,039.8  [CUDA memcpy HtoD]
     67.111      3    22.370     0.001     0.001    67.109       38.745  [CUDA memcpy HtoD]
     50.0        1,744,864      3    581,621.3        416.0        384  1,744,064  1,006,704.9  [CUDA memcpy HtoD]
     67.111      3    22.370     0.001     0.001    67.109       38.745  [CUDA memcpy HtoD]
     50.0        1,746,688      3    582,229.3        384.0        384  1,745,920  1,007,785.7  [CUDA memcpy HtoD]
     67.111      3    22.370     0.001     0.001    67.109       38.745  [CUDA memcpy HtoD]
     49.9        1,744,704      3    581,568.0        416.0        384  1,743,904  1,006,612.5  [CUDA memcpy HtoD]
     67.111      3    22.370     0.001     0.001    67.109       38.745  [CUDA memcpy HtoD]
     50.0        1,747,808      3    582,602.7        416.0        384  1,747,008  1,008,404.6  [CUDA memcpy HtoD]
     67.111      3    22.370     0.001     0.001    67.109       38.745  [CUDA memcpy HtoD]
     50.0        1,747,648      3    582,549.3        416.0        384  1,746,848  1,008,312.2  [CUDA memcpy HtoD]
     67.111      3    22.370     0.001     0.001    67.109       38.745  [CUDA memcpy HtoD]
     50.1        1,748,608      3    582,869.3        416.0        416  1,747,776  1,008,838.8  [CUDA memcpy HtoD]
     67.111      3    22.370     0.001     0.001    67.109       38.745  [CUDA memcpy HtoD]
