41.003397 36.799968000000 1.744448000000 1.748672000000
40.927777 36.800512000000 1.747584000000 1.746240000000
40.977987 36.800544000000 1.744064000000 1.746848000000
40.973251 36.800672000000 1.742848000000 1.743680000000
40.946722 36.799360000000 1.737856000000 1.747424000000
40.985828 36.800416000000 1.746688000000 1.747840000000
41.008037 36.800160000000 1.747296000000 1.746560000000
40.924097 36.798880000000 1.742272000000 1.744640000000
40.963811 36.801216000000 1.746688000000 1.745312000000
40.964803 36.800576000000 1.745728000000 1.741152000000
40.974116 36.800608000000 1.744864000000 1.745600000000
40.931137 36.800608000000 1.747744000000 1.747008000000
40.935074 36.799936000000 1.745984000000 1.746848000000
40.918816 36.800352000000 1.743712000000 1.742112000000
40.925985 36.799488000000 1.744864000000 1.743744000000
40.929057 36.800672000000 1.746688000000 1.744992000000
40.914976 36.800192000000 1.744704000000 1.748256000000
40.966628 36.799616000000 1.747808000000 1.745984000000
40.935810 36.800288000000 1.747648000000 1.746464000000
40.922593 36.800672000000 1.748608000000 1.742240000000
