0.592098 .013216000000 .003424000000 .001312000000
0.532126 .013184000000 .003424000000 .001376000000
0.513085 .013120000000 .003456000000 .001344000000
0.541343 .013216000000 .003424000000 .001344000000
0.557856 .013184000000 .003328000000 .001376000000
0.500860 .013120000000 .003552000000 .001440000000
0.553344 .013184000000 .003552000000 .001344000000
0.548063 .013120000000 .003488000000 .001376000000
0.519934 .013248000000 .003360000000 .001312000000
0.553567 .013184000000 .003360000000 .001344000000
0.492380 .013088000000 .003360000000 .001376000000
0.504925 .013120000000 .003552000000 .001344000000
0.521597 .013088000000 .003424000000 .001408000000
0.506620 .013088000000 .003392000000 .001376000000
0.528734 .013184000000 .003392000000 .001344000000
0.548031 .013184000000 .003520000000 .001408000000
0.534239 .013056000000 .003424000000 .001344000000
0.613379 .013120000000 .003456000000 .001376000000
0.520190 .013152000000 .003424000000 .001408000000
0.531423 .013216000000 .003392000000 .001376000000
