     50,0         20943109      1  20943109,0  20943109,0  20943109  20943109          0,0  [CUDA memcpy DtoH]
 515,899         1  515,899   515,899   515,899   515,899   0,000        [CUDA memcpy DtoH]
     50,0         20771433      1  20771433,0  20771433,0  20771433  20771433          0,0  [CUDA memcpy DtoH]
 515,899         1  515,899   515,899   515,899   515,899   0,000        [CUDA memcpy DtoH]
     50,0         20906534      1  20906534,0  20906534,0  20906534  20906534          0,0  [CUDA memcpy DtoH]
 515,899         1  515,899   515,899   515,899   515,899   0,000        [CUDA memcpy DtoH]
     50,0         20793161      1  20793161,0  20793161,0  20793161  20793161          0,0  [CUDA memcpy DtoH]
 515,899         1  515,899   515,899   515,899   515,899   0,000        [CUDA memcpy DtoH]
     50,0         20773321      1  20773321,0  20773321,0  20773321  20773321          0,0  [CUDA memcpy DtoH]
 515,899         1  515,899   515,899   515,899   515,899   0,000        [CUDA memcpy DtoH]
     50,0         20835719      1  20835719,0  20835719,0  20835719  20835719          0,0  [CUDA memcpy DtoH]
 515,899         1  515,899   515,899   515,899   515,899   0,000        [CUDA memcpy DtoH]
     50,0         20863751      1  20863751,0  20863751,0  20863751  20863751          0,0  [CUDA memcpy DtoH]
 515,899         1  515,899   515,899   515,899   515,899   0,000        [CUDA memcpy DtoH]
     50,0         20760874      1  20760874,0  20760874,0  20760874  20760874          0,0  [CUDA memcpy DtoH]
 515,899         1  515,899   515,899   515,899   515,899   0,000        [CUDA memcpy DtoH]
     50,0         20813832      1  20813832,0  20813832,0  20813832  20813832          0,0  [CUDA memcpy DtoH]
 515,899         1  515,899   515,899   515,899   515,899   0,000        [CUDA memcpy DtoH]
     50,0         20759593      1  20759593,0  20759593,0  20759593  20759593          0,0  [CUDA memcpy DtoH]
 515,899         1  515,899   515,899   515,899   515,899   0,000        [CUDA memcpy DtoH]
     50,0         20780456      1  20780456,0  20780456,0  20780456  20780456          0,0  [CUDA memcpy DtoH]
 515,899         1  515,899   515,899   515,899   515,899   0,000        [CUDA memcpy DtoH]
     50,0         20919140      1  20919140,0  20919140,0  20919140  20919140          0,0  [CUDA memcpy DtoH]
 515,899         1  515,899   515,899   515,899   515,899   0,000        [CUDA memcpy DtoH]
     50,0         20760808      1  20760808,0  20760808,0  20760808  20760808          0,0  [CUDA memcpy DtoH]
 515,899         1  515,899   515,899   515,899   515,899   0,000        [CUDA memcpy DtoH]
     51,0         21079520      1  21079520,0  21079520,0  21079520  21079520          0,0  [CUDA memcpy DtoH]
 515,899         1  515,899   515,899   515,899   515,899   0,000        [CUDA memcpy DtoH]
     51,0         21102335      1  21102335,0  21102335,0  21102335  21102335          0,0  [CUDA memcpy DtoH]
 515,899         1  515,899   515,899   515,899   515,899   0,000        [CUDA memcpy DtoH]
     50,0         20867941      1  20867941,0  20867941,0  20867941  20867941          0,0  [CUDA memcpy DtoH]
 515,899         1  515,899   515,899   515,899   515,899   0,000        [CUDA memcpy DtoH]
     50,0         20761479      1  20761479,0  20761479,0  20761479  20761479          0,0  [CUDA memcpy DtoH]
 515,899         1  515,899   515,899   515,899   515,899   0,000        [CUDA memcpy DtoH]
     50,0         20935490      1  20935490,0  20935490,0  20935490  20935490          0,0  [CUDA memcpy DtoH]
 515,899         1  515,899   515,899   515,899   515,899   0,000        [CUDA memcpy DtoH]
     51,0         21056095      1  21056095,0  21056095,0  21056095  21056095          0,0  [CUDA memcpy DtoH]
 515,899         1  515,899   515,899   515,899   515,899   0,000        [CUDA memcpy DtoH]
     51,0         21065087      1  21065087,0  21065087,0  21065087  21065087          0,0  [CUDA memcpy DtoH]
 515,899         1  515,899   515,899   515,899   515,899   0,000        [CUDA memcpy DtoH]
