     49,0         20275383      3   6758461,0       928,0       896  20273559   11704418,0  [CUDA memcpy HtoD]
 515,901         3  171,967   0,001     0,001     515,899   297,854      [CUDA memcpy HtoD]
     49,0         20095546      3   6698515,0       896,0       896  20093754   11600617,0  [CUDA memcpy HtoD]
 515,901         3  171,967   0,001     0,001     515,899   297,854      [CUDA memcpy HtoD]
     49,0         20268533      3   6756177,0       896,0       895  20266742   11700491,0  [CUDA memcpy HtoD]
 515,901         3  171,967   0,001     0,001     515,899   297,854      [CUDA memcpy HtoD]
     49,0         20118650      3   6706216,0       896,0       896  20116858   11613956,0  [CUDA memcpy HtoD]
 515,901         3  171,967   0,001     0,001     515,899   297,854      [CUDA memcpy HtoD]
     49,0         20108986      3   6702995,0       896,0       896  20107194   11608376,0  [CUDA memcpy HtoD]
 515,901         3  171,967   0,001     0,001     515,899   297,854      [CUDA memcpy HtoD]
     49,0         20126170      3   6708723,0       896,0       864  20124410   11618325,0  [CUDA memcpy HtoD]
 515,901         3  171,967   0,001     0,001     515,899   297,854      [CUDA memcpy HtoD]
     49,0         20228568      3   6742856,0       896,0       896  20226776   11677417,0  [CUDA memcpy HtoD]
 515,901         3  171,967   0,001     0,001     515,899   297,854      [CUDA memcpy HtoD]
     49,0         20073914      3   6691304,0       895,0       864  20072155   11588156,0  [CUDA memcpy HtoD]
 515,901         3  171,967   0,001     0,001     515,899   297,854      [CUDA memcpy HtoD]
     49,0         20102044      3   6700681,0       897,0       896  20100251   11604367,0  [CUDA memcpy HtoD]
 515,901         3  171,967   0,001     0,001     515,899   297,854      [CUDA memcpy HtoD]
     49,0         20092698      3   6697566,0       864,0       864  20090970   11599028,0  [CUDA memcpy HtoD]
 515,901         3  171,967   0,001     0,001     515,899   297,854      [CUDA memcpy HtoD]
     49,0         20125209      3   6708403,0       896,0       896  20123417   11617742,0  [CUDA memcpy HtoD]
 515,901         3  171,967   0,001     0,001     515,899   297,854      [CUDA memcpy HtoD]
     49,0         20251956      3   6750652,0       896,0       895  20250165   11690921,0  [CUDA memcpy HtoD]
 515,901         3  171,967   0,001     0,001     515,899   297,854      [CUDA memcpy HtoD]
     49,0         20109017      3   6703005,0      1184,0       864  20106969   11608172,0  [CUDA memcpy HtoD]
 515,901         3  171,967   0,001     0,001     515,899   297,854      [CUDA memcpy HtoD]
     48,0         20137177      3   6712392,0       896,0       896  20135385   11624652,0  [CUDA memcpy HtoD]
 515,901         3  171,967   0,001     0,001     515,899   297,854      [CUDA memcpy HtoD]
     48,0         20063641      3   6687880,0       928,0       896  20061817   11582168,0  [CUDA memcpy HtoD]
 515,901         3  171,967   0,001     0,001     515,899   297,854      [CUDA memcpy HtoD]
     49,0         20213749      3   6737916,0       896,0       896  20211957   11668861,0  [CUDA memcpy HtoD]
 515,901         3  171,967   0,001     0,001     515,899   297,854      [CUDA memcpy HtoD]
     49,0         20082071      3   6694023,0       896,0       895  20080280   11592838,0  [CUDA memcpy HtoD]
 515,901         3  171,967   0,001     0,001     515,899   297,854      [CUDA memcpy HtoD]
     49,0         20276723      3   6758907,0       896,0       896  20274931   11705219,0  [CUDA memcpy HtoD]
 515,901         3  171,967   0,001     0,001     515,899   297,854      [CUDA memcpy HtoD]
     48,0         20043034      3   6681011,0       896,0       864  20041274   11570326,0  [CUDA memcpy HtoD]
 515,901         3  171,967   0,001     0,001     515,899   297,854      [CUDA memcpy HtoD]
     48,0         20072984      3   6690994,0      1088,0       896  20071000   11587424,0  [CUDA memcpy HtoD]
 515,901         3  171,967   0,001     0,001     515,899   297,854      [CUDA memcpy HtoD]
