0.074701 .010719000000 .011519000000 .007648000000
0.080401 .010720000000 .011712000000 .007584000000
0.076004 .011040000000 .011647000000 .007615000000
0.075332 .010784000000 .011616000000 .007583000000
0.081233 .010751000000 .011521000000 .007616000000
0.077696 .010720000000 .011583000000 .007584000000
0.077987 .010687000000 .011583000000 .007616000000
0.086974 .010848000000 .011552000000 .007583000000
0.075292 .010815000000 .011872000000 .007552000000
0.074049 .010944000000 .011616000000 .007583000000
0.080141 .010752000000 .011871000000 .007552000000
0.075332 .010656000000 .011488000000 .007583000000
0.076834 .010656000000 .011681000000 .007552000000
0.082134 .010719000000 .011647000000 .007520000000
0.076033 .010719000000 .011584000000 .007584000000
0.077597 .010752000000 .011647000000 .007584000000
0.074881 .010688000000 .011616000000 .007552000000
0.076645 .010720000000 .011680000000 .007615000000
0.078588 .010719000000 .011680000000 .007552000000
0.079170 .010720000000 .011616000000 .007551000000
