71.396739 30.375060000000 20.275383000000 20.943109000000
70.398679 30.369809000000 20.095546000000 20.771433000000
69.964881 30.372977000000 20.268533000000 20.906534000000
71.179640 30.374994000000 20.118650000000 20.793161000000
70.519647 30.370738000000 20.108986000000 20.773321000000
71.205599 30.372913000000 20.126170000000 20.835719000000
70.279835 30.390962000000 20.228568000000 20.863751000000
70.866350 30.376914000000 20.073914000000 20.760874000000
71.487177 30.371794000000 20.102044000000 20.813832000000
69.981421 30.372337000000 20.092698000000 20.759593000000
71.164189 30.394609000000 20.125209000000 20.780456000000
70.244928 30.366416000000 20.251956000000 20.919140000000
71.184596 30.384815000000 20.109017000000 20.760808000000
71.354527 30.368176000000 20.137177000000 21.079520000000
70.331791 30.373710000000 20.063641000000 21.102335000000
71.397136 30.371438000000 20.213749000000 20.867941000000
70.169944 30.375693000000 20.082071000000 20.761479000000
71.252233 30.374383000000 20.276723000000 20.935490000000
70.340757 30.372078000000 20.043034000000 21.056095000000
71.341882 30.370157000000 20.072984000000 21.065087000000
