0.179840 .014249000000 .004354000000 .000321000000
0.520767 .014153000000 .004834000000 .000384000000
0.204415 .014217000000 .004483000000 .000320000000
0.191392 .014248000000 .004932000000 .000320000000
0.194400 .014091000000 .004964000000 .000352000000
0.173536 .014344000000 .005058000000 .000416000000
0.189408 .014251000000 .005285000000 .000321000000
0.213728 .014250000000 .005122000000 .000352000000
0.196287 .014185000000 .004546000000 .000385000000
0.177248 .014217000000 .004962000000 .000352000000
0.191328 .014091000000 .004804000000 .000384000000
0.176287 .014249000000 .004963000000 .000320000000
0.179104 .014344000000 .004419000000 .000385000000
0.178080 .014283000000 .004514000000 .000320000000
0.192704 .014089000000 .004930000000 .000321000000
0.204384 .014217000000 .004931000000 .000321000000
0.198655 .014251000000 .005476000000 .000449000000
0.169536 .014411000000 .005061000000 .000448000000
0.193824 .014152000000 .004643000000 .000384000000
0.190912 .014313000000 .004963000000 .000321000000
