11.485578 10.766 .207740000000 .195960000000
11.478314 10.763 .207630000000 .194980000000
11.469322 10.764 .208930000000 .195350000000
11.485802 10.763 .209480000000 .194870000000
11.466858 10.762 .208420000000 .194810000000
11.488906 10.764 .208260000000 .198500000000
11.493354 10.764 .209640000000 .193220000000
11.495753 10.763 .206980000000 .191010000000
11.463561 10.762 .208030000000 .195640000000
11.463754 10.761 .208840000000 .197120000000
11.471146 10.764 .208740000000 .197980000000
11.483082 10.762 .209650000000 .193220000000
11.450762 10.762 .205570000000 .196710000000
11.530826 10.764 .209410000000 .197080000000
11.449290 10.763 .206210000000 .196890000000
11.457162 10.764 .205570000000 .196280000000
11.480138 10.762 .207210000000 .197310000000
11.474890 10.766 .207840000000 .198200000000
11.485706 10.764 .207770000000 .192440000000
11.472778 10.762 .210050000000 .196280000000
