     50,0         20834243      1  20834243,0  20834243,0  20834243  20834243          0,0  [CUDA memcpy DtoH]
 515,899         1  515,899   515,899   515,899   515,899   0,000        [CUDA memcpy DtoH]
     50,0         20855009      1  20855009,0  20855009,0  20855009  20855009          0,0  [CUDA memcpy DtoH]
 515,899         1  515,899   515,899   515,899   515,899   0,000        [CUDA memcpy DtoH]
     51,0         21045181      1  21045181,0  21045181,0  21045181  21045181          0,0  [CUDA memcpy DtoH]
 515,899         1  515,899   515,899   515,899   515,899   0,000        [CUDA memcpy DtoH]
     50,0         20800611      1  20800611,0  20800611,0  20800611  20800611          0,0  [CUDA memcpy DtoH]
 515,899         1  515,899   515,899   515,899   515,899   0,000        [CUDA memcpy DtoH]
     51,0         21029789      1  21029789,0  21029789,0  21029789  21029789          0,0  [CUDA memcpy DtoH]
 515,899         1  515,899   515,899   515,899   515,899   0,000        [CUDA memcpy DtoH]
     51,0         21093020      1  21093020,0  21093020,0  21093020  21093020          0,0  [CUDA memcpy DtoH]
 515,899         1  515,899   515,899   515,899   515,899   0,000        [CUDA memcpy DtoH]
     50,0         20830083      1  20830083,0  20830083,0  20830083  20830083          0,0  [CUDA memcpy DtoH]
 515,899         1  515,899   515,899   515,899   515,899   0,000        [CUDA memcpy DtoH]
     51,0         21086268      1  21086268,0  21086268,0  21086268  21086268          0,0  [CUDA memcpy DtoH]
 515,899         1  515,899   515,899   515,899   515,899   0,000        [CUDA memcpy DtoH]
     50,0         20876002      1  20876002,0  20876002,0  20876002  20876002          0,0  [CUDA memcpy DtoH]
 515,899         1  515,899   515,899   515,899   515,899   0,000        [CUDA memcpy DtoH]
     51,0         21040893      1  21040893,0  21040893,0  21040893  21040893          0,0  [CUDA memcpy DtoH]
 515,899         1  515,899   515,899   515,899   515,899   0,000        [CUDA memcpy DtoH]
     50,0         20810467      1  20810467,0  20810467,0  20810467  20810467          0,0  [CUDA memcpy DtoH]
 515,899         1  515,899   515,899   515,899   515,899   0,000        [CUDA memcpy DtoH]
     50,0         20843298      1  20843298,0  20843298,0  20843298  20843298          0,0  [CUDA memcpy DtoH]
 515,899         1  515,899   515,899   515,899   515,899   0,000        [CUDA memcpy DtoH]
     51,0         21028701      1  21028701,0  21028701,0  21028701  21028701          0,0  [CUDA memcpy DtoH]
 515,899         1  515,899   515,899   515,899   515,899   0,000        [CUDA memcpy DtoH]
     50,0         20838114      1  20838114,0  20838114,0  20838114  20838114          0,0  [CUDA memcpy DtoH]
 515,899         1  515,899   515,899   515,899   515,899   0,000        [CUDA memcpy DtoH]
     51,0         21042333      1  21042333,0  21042333,0  21042333  21042333          0,0  [CUDA memcpy DtoH]
 515,899         1  515,899   515,899   515,899   515,899   0,000        [CUDA memcpy DtoH]
     51,0         21094458      1  21094458,0  21094458,0  21094458  21094458          0,0  [CUDA memcpy DtoH]
 515,899         1  515,899   515,899   515,899   515,899   0,000        [CUDA memcpy DtoH]
     51,0         21072859      1  21072859,0  21072859,0  21072859  21072859          0,0  [CUDA memcpy DtoH]
 515,899         1  515,899   515,899   515,899   515,899   0,000        [CUDA memcpy DtoH]
     51,0         21052315      1  21052315,0  21052315,0  21052315  21052315          0,0  [CUDA memcpy DtoH]
 515,899         1  515,899   515,899   515,899   515,899   0,000        [CUDA memcpy DtoH]
     50,0         20782978      1  20782978,0  20782978,0  20782978  20782978          0,0  [CUDA memcpy DtoH]
 515,899         1  515,899   515,899   515,899   515,899   0,000        [CUDA memcpy DtoH]
     50,0         20789697      1  20789697,0  20789697,0  20789697  20789697          0,0  [CUDA memcpy DtoH]
 515,899         1  515,899   515,899   515,899   515,899   0,000        [CUDA memcpy DtoH]
