     49,0         20119286      3   6706428,0      1024,0       960  20117302   11614157,0  [CUDA memcpy HtoD]
 515,906         3  171,969   0,004     0,002     515,899   297,853      [CUDA memcpy HtoD]
     49,0         20214738      3   6738246,0      1056,0       928  20212754   11669266,0  [CUDA memcpy HtoD]
 515,906         3  171,969   0,004     0,002     515,899   297,853      [CUDA memcpy HtoD]
     48,0         20018168      3   6672722,0      1056,0       960  20016152   11555748,0  [CUDA memcpy HtoD]
 515,906         3  171,969   0,004     0,002     515,899   297,853      [CUDA memcpy HtoD]
     49,0         20164820      3   6721606,0      1024,0       960  20162836   11640446,0  [CUDA memcpy HtoD]
 515,906         3  171,969   0,004     0,002     515,899   297,853      [CUDA memcpy HtoD]
     48,0         20004408      3   6668136,0      1056,0       928  20002424   11547832,0  [CUDA memcpy HtoD]
 515,906         3  171,969   0,004     0,002     515,899   297,853      [CUDA memcpy HtoD]
     48,0         20098678      3   6699559,0      1056,0       960  20096662   11602231,0  [CUDA memcpy HtoD]
 515,906         3  171,969   0,004     0,002     515,899   297,853      [CUDA memcpy HtoD]
     49,0         20172755      3   6724251,0      1024,0       928  20170803   11645055,0  [CUDA memcpy HtoD]
 515,906         3  171,969   0,004     0,002     515,899   297,853      [CUDA memcpy HtoD]
     48,0         20051799      3   6683933,0      1024,0       960  20049815   11575193,0  [CUDA memcpy HtoD]
 515,906         3  171,969   0,004     0,002     515,899   297,853      [CUDA memcpy HtoD]
     49,0         20183220      3   6727740,0      1024,0       928  20181268   11651097,0  [CUDA memcpy HtoD]
 515,906         3  171,969   0,004     0,002     515,899   297,853      [CUDA memcpy HtoD]
     48,0         20040695      3   6680231,0      1056,0       960  20038679   11568754,0  [CUDA memcpy HtoD]
 515,906         3  171,969   0,004     0,002     515,899   297,853      [CUDA memcpy HtoD]
     49,0         20144309      3   6714769,0      1024,0       928  20142357   11628631,0  [CUDA memcpy HtoD]
 515,906         3  171,969   0,004     0,002     515,899   297,853      [CUDA memcpy HtoD]
     49,0         20215602      3   6738534,0      1088,0      1056  20213458   11669626,0  [CUDA memcpy HtoD]
 515,906         3  171,969   0,004     0,002     515,899   297,853      [CUDA memcpy HtoD]
     48,0         20024086      3   6674695,0      1056,0       927  20022103   11559194,0  [CUDA memcpy HtoD]
 515,906         3  171,969   0,004     0,002     515,899   297,853      [CUDA memcpy HtoD]
     49,0         20240144      3   6746714,0      1024,0       927  20238193   11683963,0  [CUDA memcpy HtoD]
 515,906         3  171,969   0,004     0,002     515,899   297,853      [CUDA memcpy HtoD]
     48,0         20018615      3   6672871,0      1024,0       928  20016663   11556062,0  [CUDA memcpy HtoD]
 515,906         3  171,969   0,004     0,002     515,899   297,853      [CUDA memcpy HtoD]
     48,0         20084917      3   6694972,0      1024,0       960  20082933   11594314,0  [CUDA memcpy HtoD]
 515,906         3  171,969   0,004     0,002     515,899   297,853      [CUDA memcpy HtoD]
     48,0         20027094      3   6675698,0      1024,0       928  20025142   11560957,0  [CUDA memcpy HtoD]
 515,906         3  171,969   0,004     0,002     515,899   297,853      [CUDA memcpy HtoD]
     48,0         20040693      3   6680231,0      1024,0       960  20038709   11568781,0  [CUDA memcpy HtoD]
 515,906         3  171,969   0,004     0,002     515,899   297,853      [CUDA memcpy HtoD]
     49,0         20112275      3   6704091,0      1056,0       960  20110259   11610081,0  [CUDA memcpy HtoD]
 515,906         3  171,969   0,004     0,002     515,899   297,853      [CUDA memcpy HtoD]
     49,0         20121329      3   6707109,0      1087,0       928  20119314   11615309,0  [CUDA memcpy HtoD]
 515,906         3  171,969   0,004     0,002     515,899   297,853      [CUDA memcpy HtoD]
