0.086232 .011392000000 .011840000000 .007584000000
0.081834 .011488000000 .011807000000 .007616000000
0.082686 .011520000000 .011807000000 .007616000000
0.081093 .011456000000 .012031000000 .007552000000
0.084119 .011615000000 .011808000000 .007552000000
0.075983 .011648000000 .011776000000 .007584000000
0.084008 .011615000000 .011744000000 .007584000000
0.073759 .011552000000 .011935000000 .007616000000
0.076674 .011616000000 .011744000000 .007584000000
0.081664 .011551000000 .011809000000 .007551000000
0.084108 .011616000000 .011743000000 .007680000000
0.077025 .011680000000 .011936000000 .007584000000
0.079360 .011584000000 .011840000000 .007616000000
0.082465 .011552000000 .011808000000 .007551000000
0.076805 .011680000000 .011776000000 .007648000000
0.084910 .011615000000 .012288000000 .007584000000
0.075412 .011519000000 .011680000000 .007616000000
0.075973 .011584000000 .013888000000 .007616000000
0.081023 .011583000000 .012000000000 .007584000000
0.079279 .011712000000 .011744000000 .007807000000
