74.521268 33.398973000000 20.119286000000 20.834243000000
72.453425 33.387323000000 20.214738000000 20.855009000000
73.827943 33.381404000000 20.018168000000 21.045181000000
74.583877 33.409628000000 20.164820000000 20.800611000000
72.665764 33.380604000000 20.004408000000 21.029789000000
74.385072 33.385565000000 20.098678000000 21.093020000000
72.658021 33.390460000000 20.172755000000 20.830083000000
73.255204 33.408412000000 20.051799000000 21.086268000000
74.614895 33.384412000000 20.183220000000 20.876002000000
72.320174 33.388316000000 20.040695000000 21.040893000000
74.335238 33.390140000000 20.144309000000 20.810467000000
72.557240 33.386460000000 20.215602000000 20.843298000000
74.253394 33.393659000000 20.024086000000 21.028701000000
74.321562 33.384092000000 20.240144000000 20.838114000000
72.539587 33.387644000000 20.018615000000 21.042333000000
74.517070 33.388537000000 20.084917000000 21.094458000000
72.989604 33.382778000000 20.027094000000 21.072859000000
74.328336 33.384410000000 20.040693000000 21.052315000000
74.473498 33.389657000000 20.112275000000 20.782978000000
72.349448 33.391703000000 20.121329000000 20.789697000000
