44.711406 22.138 11.341 11.178
45.164062 22.507 11.340 11.169
44.692934 22.507 11.305 11.168
45.061901 22.137 11.333 11.178
44.888407 22.137 11.341 11.168
44.690675 22.136 11.339 11.169
45.062227 22.137 11.349 11.178
44.683953 22.138 11.357 11.169
44.731888 22.138 11.346 11.169
45.059627 22.138 11.337 11.178
44.730882 22.491 11.348 11.188
45.064212 22.178 11.347 11.168
44.841714 22.509 11.216 11.169
44.683877 22.509 11.340 11.178
45.062581 22.137 11.347 11.179
44.696168 22.511 11.336 11.168
44.801031 22.510 11.355 11.178
45.062520 22.508 11.303 11.178
44.687382 22.134 11.350 11.168
45.044590 22.513 11.345 11.178
