0.077334 .015264000000 .010688000000 .006080000000
0.074490 .015136000000 .010879000000 .006080000000
0.091802 .015264000000 .010559000000 .006080000000
0.082444 .015264000000 .010145000000 .006081000000
0.079047 .015136000000 .010848000000 .006112000000
0.073653 .015232000000 .010752000000 .006080000000
0.074837 .015232000000 .010751000000 .006112000000
0.078620 .015200000000 .010432000000 .012064000000
0.077375 .015232000000 .011040000000 .006079000000
0.073916 .015264000000 .010720000000 .006080000000
0.073085 .015231000000 .010688000000 .006081000000
0.080247 .015168000000 .010624000000 .006112000000
0.075036 .015328000000 .011328000000 .006112000000
0.075259 .015200000000 .010592000000 .006081000000
0.077435 .015295000000 .010815000000 .006080000000
0.081187 .015200000000 .010816000000 .006081000000
0.077938 .015168000000 .010687000000 .006112000000
0.074774 .015168000000 .010656000000 .006079000000
0.082146 .015168000000 .014912000000 .006112000000
0.074784 .015264000000 .010848000000 .006112000000
