     49.9        1,744,192      1  1,744,192.0  1,744,192.0  1,744,192  1,744,192          0.0  [CUDA memcpy DtoH]
     67.109      1    67.109    67.109    67.109    67.109        0.000  [CUDA memcpy DtoH]
     50.0        1,745,024      1  1,745,024.0  1,745,024.0  1,745,024  1,745,024          0.0  [CUDA memcpy DtoH]
     67.109      1    67.109    67.109    67.109    67.109        0.000  [CUDA memcpy DtoH]
     50.0        1,744,160      1  1,744,160.0  1,744,160.0  1,744,160  1,744,160          0.0  [CUDA memcpy DtoH]
     67.109      1    67.109    67.109    67.109    67.109        0.000  [CUDA memcpy DtoH]
     50.0        1,745,408      1  1,745,408.0  1,745,408.0  1,745,408  1,745,408          0.0  [CUDA memcpy DtoH]
     67.109      1    67.109    67.109    67.109    67.109        0.000  [CUDA memcpy DtoH]
     50.0        1,743,968      1  1,743,968.0  1,743,968.0  1,743,968  1,743,968          0.0  [CUDA memcpy DtoH]
     67.109      1    67.109    67.109    67.109    67.109        0.000  [CUDA memcpy DtoH]
     50.0        1,746,976      1  1,746,976.0  1,746,976.0  1,746,976  1,746,976          0.0  [CUDA memcpy DtoH]
     67.109      1    67.109    67.109    67.109    67.109        0.000  [CUDA memcpy DtoH]
     50.0        1,743,136      1  1,743,136.0  1,743,136.0  1,743,136  1,743,136          0.0  [CUDA memcpy DtoH]
     67.109      1    67.109    67.109    67.109    67.109        0.000  [CUDA memcpy DtoH]
     50.0        1,749,024      1  1,749,024.0  1,749,024.0  1,749,024  1,749,024          0.0  [CUDA memcpy DtoH]
     67.109      1    67.109    67.109    67.109    67.109        0.000  [CUDA memcpy DtoH]
     50.1        1,746,432      1  1,746,432.0  1,746,432.0  1,746,432  1,746,432          0.0  [CUDA memcpy DtoH]
     67.109      1    67.109    67.109    67.109    67.109        0.000  [CUDA memcpy DtoH]
     50.0        1,747,264      1  1,747,264.0  1,747,264.0  1,747,264  1,747,264          0.0  [CUDA memcpy DtoH]
     67.109      1    67.109    67.109    67.109    67.109        0.000  [CUDA memcpy DtoH]
     50.0        1,741,344      1  1,741,344.0  1,741,344.0  1,741,344  1,741,344          0.0  [CUDA memcpy DtoH]
     67.109      1    67.109    67.109    67.109    67.109        0.000  [CUDA memcpy DtoH]
     50.0        1,745,280      1  1,745,280.0  1,745,280.0  1,745,280  1,745,280          0.0  [CUDA memcpy DtoH]
     67.109      1    67.109    67.109    67.109    67.109        0.000  [CUDA memcpy DtoH]
     50.0        1,743,200      1  1,743,200.0  1,743,200.0  1,743,200  1,743,200          0.0  [CUDA memcpy DtoH]
     67.109      1    67.109    67.109    67.109    67.109        0.000  [CUDA memcpy DtoH]
     50.0        1,748,000      1  1,748,000.0  1,748,000.0  1,748,000  1,748,000          0.0  [CUDA memcpy DtoH]
     67.109      1    67.109    67.109    67.109    67.109        0.000  [CUDA memcpy DtoH]
     50.0        1,742,528      1  1,742,528.0  1,742,528.0  1,742,528  1,742,528          0.0  [CUDA memcpy DtoH]
     67.109      1    67.109    67.109    67.109    67.109        0.000  [CUDA memcpy DtoH]
     50.0        1,742,656      1  1,742,656.0  1,742,656.0  1,742,656  1,742,656          0.0  [CUDA memcpy DtoH]
     67.109      1    67.109    67.109    67.109    67.109        0.000  [CUDA memcpy DtoH]
     49.9        1,737,696      1  1,737,696.0  1,737,696.0  1,737,696  1,737,696          0.0  [CUDA memcpy DtoH]
     67.109      1    67.109    67.109    67.109    67.109        0.000  [CUDA memcpy DtoH]
     50.0        1,745,536      1  1,745,536.0  1,745,536.0  1,745,536  1,745,536          0.0  [CUDA memcpy DtoH]
     67.109      1    67.109    67.109    67.109    67.109        0.000  [CUDA memcpy DtoH]
     50.0        1,745,024      1  1,745,024.0  1,745,024.0  1,745,024  1,745,024          0.0  [CUDA memcpy DtoH]
     67.109      1    67.109    67.109    67.109    67.109        0.000  [CUDA memcpy DtoH]
     49.9        1,739,296      1  1,739,296.0  1,739,296.0  1,739,296  1,739,296          0.0  [CUDA memcpy DtoH]
     67.109      1    67.109    67.109    67.109    67.109        0.000  [CUDA memcpy DtoH]
