     50.1        1,749,824      3    583,274.7        672.0        480  1,748,672  1,009,263.7  [CUDA memcpy HtoD]
     67.115      3    22.372     0.004     0.002    67.109       38.744  [CUDA memcpy HtoD]
     50.0        1,744,672      3    581,557.3        672.0        512  1,743,488  1,006,261.5  [CUDA memcpy HtoD]
     67.115      3    22.372     0.004     0.002    67.109       38.744  [CUDA memcpy HtoD]
     50.0        1,743,040      3    581,013.3        672.0        512  1,741,856  1,005,319.2  [CUDA memcpy HtoD]
     67.115      3    22.372     0.004     0.002    67.109       38.744  [CUDA memcpy HtoD]
     50.0        1,744,448      3    581,482.7        672.0        480  1,743,296  1,006,159.9  [CUDA memcpy HtoD]
     67.115      3    22.372     0.004     0.002    67.109       38.744  [CUDA memcpy HtoD]
     50.0        1,744,032      3    581,344.0        672.0        480  1,742,880  1,005,919.7  [CUDA memcpy HtoD]
     67.115      3    22.372     0.004     0.002    67.109       38.744  [CUDA memcpy HtoD]
     50.0        1,746,656      3    582,218.7        672.0        512  1,745,472  1,007,406.9  [CUDA memcpy HtoD]
     67.115      3    22.372     0.004     0.002    67.109       38.744  [CUDA memcpy HtoD]
     50.0        1,741,760      3    580,586.7        672.0        480  1,740,608  1,004,607.9  [CUDA memcpy HtoD]
     67.115      3    22.372     0.004     0.002    67.109       38.744  [CUDA memcpy HtoD]
     50.0        1,750,336      3    583,445.3        672.0        480  1,749,184  1,009,559.3  [CUDA memcpy HtoD]
     67.115      3    22.372     0.004     0.002    67.109       38.744  [CUDA memcpy HtoD]
     49.9        1,737,376      3    579,125.3        672.0        512  1,736,192  1,002,049.1  [CUDA memcpy HtoD]
     67.115      3    22.372     0.004     0.002    67.109       38.744  [CUDA memcpy HtoD]
     50.0        1,745,824      3    581,941.3        704.0        512  1,744,608  1,006,898.9  [CUDA memcpy HtoD]
     67.115      3    22.372     0.004     0.002    67.109       38.744  [CUDA memcpy HtoD]
     50.0        1,742,528      3    580,842.7        672.0        448  1,741,408  1,005,079.1  [CUDA memcpy HtoD]
     67.115      3    22.372     0.004     0.002    67.109       38.744  [CUDA memcpy HtoD]
     50.0        1,746,080      3    582,026.7        672.0        512  1,744,896  1,007,074.4  [CUDA memcpy HtoD]
     67.115      3    22.372     0.004     0.002    67.109       38.744  [CUDA memcpy HtoD]
     50.0        1,746,112      3    582,037.3        672.0        480  1,744,960  1,007,120.6  [CUDA memcpy HtoD]
     67.115      3    22.372     0.004     0.002    67.109       38.744  [CUDA memcpy HtoD]
     50.0        1,745,696      3    581,898.7        704.0        480  1,744,512  1,006,852.7  [CUDA memcpy HtoD]
     67.115      3    22.372     0.004     0.002    67.109       38.744  [CUDA memcpy HtoD]
     50.0        1,743,328      3    581,109.3        672.0        480  1,742,176  1,005,513.2  [CUDA memcpy HtoD]
     67.115      3    22.372     0.004     0.002    67.109       38.744  [CUDA memcpy HtoD]
     50.0        1,739,712      3    579,904.0        704.0        512  1,738,496  1,003,370.1  [CUDA memcpy HtoD]
     67.115      3    22.372     0.004     0.002    67.109       38.744  [CUDA memcpy HtoD]
     50.1        1,746,304      3    582,101.3        672.0        480  1,745,152  1,007,231.4  [CUDA memcpy HtoD]
     67.115      3    22.372     0.004     0.002    67.109       38.744  [CUDA memcpy HtoD]
     50.0        1,744,096      3    581,365.3        672.0        480  1,742,944  1,005,956.6  [CUDA memcpy HtoD]
     67.115      3    22.372     0.004     0.002    67.109       38.744  [CUDA memcpy HtoD]
     50.0        1,746,688      3    582,229.3        672.0        480  1,745,536  1,007,453.1  [CUDA memcpy HtoD]
     67.115      3    22.372     0.004     0.002    67.109       38.744  [CUDA memcpy HtoD]
     50.1        1,743,328      3    581,109.3        672.0        480  1,742,176  1,005,513.2  [CUDA memcpy HtoD]
     67.115      3    22.372     0.004     0.002    67.109       38.744  [CUDA memcpy HtoD]
