0.664390 .015584000000 .003744000000 .001344000000
0.515902 .015424000000 .003712000000 .001312000000
0.535359 .015136000000 .003712000000 .001344000000
0.536703 .015392000000 .003776000000 .001440000000
0.549344 .015424000000 .003904000000 .001376000000
0.592738 .015552000000 .003776000000 .001376000000
0.525054 .015488000000 .003776000000 .001440000000
0.532414 .015520000000 .003872000000 .001376000000
0.545919 .015360000000 .003744000000 .001344000000
0.512286 .015424000000 .003840000000 .001376000000
0.594946 .015552000000 .003936000000 .001280000000
0.542047 .015584000000 .003840000000 .001408000000
0.512125 .015648000000 .003776000000 .001440000000
0.550624 .015104000000 .003744000000 .001376000000
0.524670 .015456000000 .003936000000 .001408000000
0.586402 .015456000000 .003712000000 .001408000000
0.548544 .015488000000 .003872000000 .001376000000
0.540607 .015488000000 .003744000000 .001440000000
0.514782 .015456000000 .003776000000 .001376000000
0.517597 .015104000000 .003712000000 .001376000000
