48.752969 44.679552000000 1.749824000000 1.744192000000
48.687268 44.678144000000 1.744672000000 1.745024000000
48.694437 44.678976000000 1.743040000000 1.744160000000
48.675300 44.677760000000 1.744448000000 1.745408000000
48.674436 44.677792000000 1.744032000000 1.743968000000
48.683492 44.677440000000 1.746656000000 1.746976000000
48.715334 44.677920000000 1.741760000000 1.743136000000
48.700870 44.678048000000 1.750336000000 1.749024000000
48.681157 44.678048000000 1.737376000000 1.746432000000
48.675908 44.677952000000 1.745824000000 1.747264000000
48.710662 44.678016000000 1.742528000000 1.741344000000
48.745673 44.677888000000 1.746080000000 1.745280000000
48.682245 44.677952000000 1.746112000000 1.743200000000
48.691238 44.678080000000 1.745696000000 1.748000000000
48.694981 44.677952000000 1.743328000000 1.742528000000
48.670788 44.678176000000 1.739712000000 1.742656000000
48.709766 44.676960000000 1.746304000000 1.737696000000
48.681957 44.679424000000 1.744096000000 1.745536000000
48.692997 44.678432000000 1.746688000000 1.745024000000
48.696358 44.679296000000 1.743328000000 1.739296000000
