4.283446 3.7893 .051011000000 .056271000000
4.255477 3.7902 .052780000000 .055906000000
4.286779 3.7877 .053040000000 .056062000000
4.311780 3.7876 .053250000000 .055124000000
4.260842 3.7878 .053249000000 .057156000000
4.256102 3.7883 .053041000000 .056219000000
4.245373 3.7879 .053874000000 .056167000000
4.285529 3.7887 .053041000000 .056531000000
4.287092 3.7870 .053773000000 .056218000000
4.267508 3.7883 .053250000000 .056115000000
4.290894 3.7852 .052365000000 .056062000000
4.295686 3.7874 .052258000000 .056011000000
4.275633 3.7877 .052622000000 .056167000000
4.265998 3.7880 .053769000000 .055854000000
4.280165 3.7901 .052625000000 .055802000000
4.238133 3.7886 .052413000000 .056270000000
4.308135 3.7881 .052936000000 .056009000000
4.249643 3.7902 .053197000000 .056168000000
4.260789 3.7866 .053458000000 .055958000000
4.250529 3.7896 .052257000000 .055906000000
