0.476679 .018078000000 .004376000000 .000626000000
0.417980 .017923000000 .004429000000 .000677000000
0.433292 .017976000000 .004481000000 .000678000000
0.461522 .018080000000 .004377000000 .000677000000
0.483919 .018028000000 .004637000000 .000625000000
0.247715 .018079000000 .004533000000 .000677000000
0.441574 .018027000000 .004533000000 .000625000000
0.460168 .017975000000 .004377000000 .000678000000
0.432355 .018080000000 .004533000000 .000677000000
0.237767 .017923000000 .004532000000 .000626000000
0.440011 .017820000000 .004480000000 .000625000000
0.423657 .017976000000 .004586000000 .000625000000
0.251725 .018079000000 .004272000000 .000678000000
0.416521 .017924000000 .004429000000 .000625000000
0.432876 .018027000000 .004739000000 .000626000000
0.434230 .017975000000 .004430000000 .000677000000
0.438762 .018028000000 .004481000000 .000677000000
0.246517 .018132000000 .004427000000 .000677000000
0.430688 .018184000000 .004378000000 .000625000000
0.457460 .018028000000 .004430000000 .000625000000
