0.498243 .021466000000 .005054000000 .000677000000
0.443033 .021676000000 .004690000000 .000625000000
0.468450 .021414000000 .004688000000 .000626000000
0.423657 .021519000000 .004741000000 .000626000000
0.233183 .021415000000 .004636000000 .000677000000
0.460533 .021675000000 .004533000000 .000678000000
0.466211 .021518000000 .004637000000 .000625000000
0.236152 .021572000000 .004480000000 .000677000000
0.439022 .021883000000 .004639000000 .000625000000
0.439595 .021467000000 .004636000000 .000625000000
0.424699 .021728000000 .004740000000 .000625000000
0.230840 .021519000000 .004481000000 .000625000000
0.459127 .021572000000 .004844000000 .000625000000
0.418865 .021415000000 .004899000000 .000625000000
0.435481 .021206000000 .004639000000 .000626000000
0.425427 .021363000000 .005106000000 .000625000000
0.437929 .021362000000 .004637000000 .000678000000
0.431157 .021675000000 .004793000000 .000625000000
0.428814 .021519000000 .004636000000 .000625000000
0.407146 .021571000000 .004741000000 .000625000000
