5.175189 4.6945 .052727000000 .056011000000
5.170553 4.6971 .052989000000 .055177000000
5.242639 4.6904 .054133000000 .055906000000
5.171960 4.6947 .053455000000 .056115000000
5.168574 4.6882 .053404000000 .055541000000
5.217117 4.6859 .053979000000 .056010000000
5.212691 4.6914 .053822000000 .055854000000
5.213159 4.6958 .053353000000 .055073000000
5.180606 4.6917 .053354000000 .055542000000
5.178471 4.6914 .054709000000 .056897000000
5.199149 4.6944 .051999000000 .055906000000
5.202169 4.6913 .054863000000 .055334000000
5.215607 4.6933 .053876000000 .055282000000
5.279776 4.6941 .053458000000 .055489000000
5.191492 4.6932 .053926000000 .055803000000
5.197794 4.6930 .052833000000 .056271000000
5.231544 4.6949 .053824000000 .054500000000
5.171700 4.6933 .052935000000 .055699000000
5.245034 4.6948 .053822000000 .055647000000
5.223264 4.6990 .054604000000 .055073000000
