     50.0        1,765,152      1  1,765,152.0  1,765,152.0  1,765,152  1,765,152          0.0  [CUDA memcpy DtoH]
     67.109      1    67.109    67.109    67.109    67.109        0.000  [CUDA memcpy DtoH]
     50.0        1,763,264      1  1,763,264.0  1,763,264.0  1,763,264  1,763,264          0.0  [CUDA memcpy DtoH]
     67.109      1    67.109    67.109    67.109    67.109        0.000  [CUDA memcpy DtoH]
     50.0        1,767,936      1  1,767,936.0  1,767,936.0  1,767,936  1,767,936          0.0  [CUDA memcpy DtoH]
     67.109      1    67.109    67.109    67.109    67.109        0.000  [CUDA memcpy DtoH]
     50.0        1,765,696      1  1,765,696.0  1,765,696.0  1,765,696  1,765,696          0.0  [CUDA memcpy DtoH]
     67.109      1    67.109    67.109    67.109    67.109        0.000  [CUDA memcpy DtoH]
     50.0        1,763,008      1  1,763,008.0  1,763,008.0  1,763,008  1,763,008          0.0  [CUDA memcpy DtoH]
     67.109      1    67.109    67.109    67.109    67.109        0.000  [CUDA memcpy DtoH]
     49.9        1,764,192      1  1,764,192.0  1,764,192.0  1,764,192  1,764,192          0.0  [CUDA memcpy DtoH]
     67.109      1    67.109    67.109    67.109    67.109        0.000  [CUDA memcpy DtoH]
     50.0        1,764,832      1  1,764,832.0  1,764,832.0  1,764,832  1,764,832          0.0  [CUDA memcpy DtoH]
     67.109      1    67.109    67.109    67.109    67.109        0.000  [CUDA memcpy DtoH]
     50.0        1,761,824      1  1,761,824.0  1,761,824.0  1,761,824  1,761,824          0.0  [CUDA memcpy DtoH]
     67.109      1    67.109    67.109    67.109    67.109        0.000  [CUDA memcpy DtoH]
     49.9        1,759,712      1  1,759,712.0  1,759,712.0  1,759,712  1,759,712          0.0  [CUDA memcpy DtoH]
     67.109      1    67.109    67.109    67.109    67.109        0.000  [CUDA memcpy DtoH]
     50.0        1,764,000      1  1,764,000.0  1,764,000.0  1,764,000  1,764,000          0.0  [CUDA memcpy DtoH]
     67.109      1    67.109    67.109    67.109    67.109        0.000  [CUDA memcpy DtoH]
     49.9        1,763,360      1  1,763,360.0  1,763,360.0  1,763,360  1,763,360          0.0  [CUDA memcpy DtoH]
     67.109      1    67.109    67.109    67.109    67.109        0.000  [CUDA memcpy DtoH]
     50.0        1,762,240      1  1,762,240.0  1,762,240.0  1,762,240  1,762,240          0.0  [CUDA memcpy DtoH]
     67.109      1    67.109    67.109    67.109    67.109        0.000  [CUDA memcpy DtoH]
     50.0        1,764,064      1  1,764,064.0  1,764,064.0  1,764,064  1,764,064          0.0  [CUDA memcpy DtoH]
     67.109      1    67.109    67.109    67.109    67.109        0.000  [CUDA memcpy DtoH]
     50.0        1,765,024      1  1,765,024.0  1,765,024.0  1,765,024  1,765,024          0.0  [CUDA memcpy DtoH]
     67.109      1    67.109    67.109    67.109    67.109        0.000  [CUDA memcpy DtoH]
     49.9        1,759,904      1  1,759,904.0  1,759,904.0  1,759,904  1,759,904          0.0  [CUDA memcpy DtoH]
     67.109      1    67.109    67.109    67.109    67.109        0.000  [CUDA memcpy DtoH]
     50.0        1,768,544      1  1,768,544.0  1,768,544.0  1,768,544  1,768,544          0.0  [CUDA memcpy DtoH]
     67.109      1    67.109    67.109    67.109    67.109        0.000  [CUDA memcpy DtoH]
     50.0        1,760,064      1  1,760,064.0  1,760,064.0  1,760,064  1,760,064          0.0  [CUDA memcpy DtoH]
     67.109      1    67.109    67.109    67.109    67.109        0.000  [CUDA memcpy DtoH]
     50.1        1,754,080      1  1,754,080.0  1,754,080.0  1,754,080  1,754,080          0.0  [CUDA memcpy DtoH]
     67.109      1    67.109    67.109    67.109    67.109        0.000  [CUDA memcpy DtoH]
     50.0        1,755,328      1  1,755,328.0  1,755,328.0  1,755,328  1,755,328          0.0  [CUDA memcpy DtoH]
     67.109      1    67.109    67.109    67.109    67.109        0.000  [CUDA memcpy DtoH]
     50.1        1,755,296      1  1,755,296.0  1,755,296.0  1,755,296  1,755,296          0.0  [CUDA memcpy DtoH]
     67.109      1    67.109    67.109    67.109    67.109        0.000  [CUDA memcpy DtoH]
