     50.0        1,762,560      3    587,520.0        352.0        352  1,761,856  1,017,004.8  [CUDA memcpy HtoD]
     67.110      3    22.370     0.001     0.001    67.109       38.745  [CUDA memcpy HtoD]
     50.0        1,762,368      3    587,456.0        384.0        352  1,761,632  1,016,866.2  [CUDA memcpy HtoD]
     67.110      3    22.370     0.001     0.001    67.109       38.745  [CUDA memcpy HtoD]
     50.0        1,764,928      3    588,309.3        352.0        320  1,764,256  1,018,399.7  [CUDA memcpy HtoD]
     67.110      3    22.370     0.001     0.001    67.109       38.745  [CUDA memcpy HtoD]
     50.0        1,766,496      3    588,832.0        384.0        320  1,765,792  1,019,277.3  [CUDA memcpy HtoD]
     67.110      3    22.370     0.001     0.001    67.109       38.745  [CUDA memcpy HtoD]
     50.0        1,761,664      3    587,221.3        352.0        352  1,760,960  1,016,487.5  [CUDA memcpy HtoD]
     67.110      3    22.370     0.001     0.001    67.109       38.745  [CUDA memcpy HtoD]
     50.1        1,768,192      3    589,397.3        384.0        320  1,767,488  1,020,256.4  [CUDA memcpy HtoD]
     67.110      3    22.370     0.001     0.001    67.109       38.745  [CUDA memcpy HtoD]
     50.0        1,761,504      3    587,168.0        384.0        352  1,760,768  1,016,367.4  [CUDA memcpy HtoD]
     67.110      3    22.370     0.001     0.001    67.109       38.745  [CUDA memcpy HtoD]
     50.0        1,764,896      3    588,298.7        320.0        320  1,764,256  1,018,408.9  [CUDA memcpy HtoD]
     67.110      3    22.370     0.001     0.001    67.109       38.745  [CUDA memcpy HtoD]
     50.1        1,767,264      3    589,088.0        352.0        352  1,766,560  1,019,720.7  [CUDA memcpy HtoD]
     67.110      3    22.370     0.001     0.001    67.109       38.745  [CUDA memcpy HtoD]
     50.0        1,766,144      3    588,714.7        352.0        352  1,765,440  1,019,074.0  [CUDA memcpy HtoD]
     67.110      3    22.370     0.001     0.001    67.109       38.745  [CUDA memcpy HtoD]
     50.1        1,767,040      3    589,013.3        352.0        320  1,766,368  1,019,619.1  [CUDA memcpy HtoD]
     67.110      3    22.370     0.001     0.001    67.109       38.745  [CUDA memcpy HtoD]
     50.0        1,763,360      3    587,786.7        352.0        320  1,762,688  1,017,494.4  [CUDA memcpy HtoD]
     67.110      3    22.370     0.001     0.001    67.109       38.745  [CUDA memcpy HtoD]
     50.0        1,763,904      3    587,968.0        352.0        352  1,763,200  1,017,780.8  [CUDA memcpy HtoD]
     67.110      3    22.370     0.001     0.001    67.109       38.745  [CUDA memcpy HtoD]
     50.0        1,764,288      3    588,096.0        384.0        352  1,763,552  1,017,974.8  [CUDA memcpy HtoD]
     67.110      3    22.370     0.001     0.001    67.109       38.745  [CUDA memcpy HtoD]
     50.1        1,765,728      3    588,576.0        320.0        320  1,765,088  1,018,889.3  [CUDA memcpy HtoD]
     67.110      3    22.370     0.001     0.001    67.109       38.745  [CUDA memcpy HtoD]
     50.0        1,767,104      3    589,034.7        384.0        352  1,766,368  1,019,600.6  [CUDA memcpy HtoD]
     67.110      3    22.370     0.001     0.001    67.109       38.745  [CUDA memcpy HtoD]
     50.0        1,760,928      3    586,976.0        384.0        352  1,760,192  1,016,034.9  [CUDA memcpy HtoD]
     67.110      3    22.370     0.001     0.001    67.109       38.745  [CUDA memcpy HtoD]
     49.9        1,746,176      3    582,058.7        384.0        352  1,745,440  1,007,517.8  [CUDA memcpy HtoD]
     67.110      3    22.370     0.001     0.001    67.109       38.745  [CUDA memcpy HtoD]
     50.0        1,754,496      3    584,832.0        320.0        320  1,753,856  1,012,404.5  [CUDA memcpy HtoD]
     67.110      3    22.370     0.001     0.001    67.109       38.745  [CUDA memcpy HtoD]
     49.9        1,750,752      3    583,584.0        352.0        320  1,750,080  1,010,215.2  [CUDA memcpy HtoD]
     67.110      3    22.370     0.001     0.001    67.109       38.745  [CUDA memcpy HtoD]
