0.597793 .013792000000 .003360000000 .001504000000
0.504509 .013632000000 .003328000000 .001376000000
0.523838 .014848000000 .003296000000 .001376000000
0.525886 .013536000000 .003392000000 .001312000000
0.529278 .013600000000 .003296000000 .001440000000
0.536543 .013600000000 .003360000000 .001376000000
0.539551 .013248000000 .003392000000 .001344000000
0.528222 .013312000000 .003232000000 .001376000000
0.575553 .013280000000 .003264000000 .001376000000
0.541246 .013312000000 .003520000000 .001440000000
0.504892 .013568000000 .003520000000 .001344000000
0.525022 .013632000000 .003360000000 .001408000000
0.522238 .013600000000 .003328000000 .001376000000
0.530558 .013568000000 .003360000000 .001312000000
0.530590 .013696000000 .003392000000 .001408000000
0.556831 .013664000000 .003424000000 .001376000000
0.515870 .013568000000 .003392000000 .001408000000
0.520637 .013664000000 .003392000000 .001344000000
0.555232 .013472000000 .003328000000 .001376000000
0.520893 .013664000000 .003328000000 .001344000000
