43.556519 39.254400000000 1.762560000000 1.765152000000
43.576808 39.255200000000 1.762368000000 1.763264000000
43.522533 39.255104000000 1.764928000000 1.767936000000
43.500708 39.255744000000 1.766496000000 1.765696000000
43.525446 39.254880000000 1.761664000000 1.763008000000
43.519493 39.254720000000 1.768192000000 1.764192000000
43.552615 39.255040000000 1.761504000000 1.764832000000
43.542311 39.255072000000 1.764896000000 1.761824000000
43.518662 39.255200000000 1.767264000000 1.759712000000
43.532103 39.254624000000 1.766144000000 1.764000000000
43.537062 39.255136000000 1.767040000000 1.763360000000
43.480772 39.255296000000 1.763360000000 1.762240000000
43.534727 39.256096000000 1.763904000000 1.764064000000
43.505989 39.256032000000 1.764288000000 1.765024000000
43.537767 39.255360000000 1.765728000000 1.759904000000
43.510502 39.254624000000 1.767104000000 1.768544000000
43.504678 39.254144000000 1.760928000000 1.760064000000
43.503525 39.254208000000 1.746176000000 1.754080000000
43.490245 39.254656000000 1.754496000000 1.755328000000
43.571113 39.254368000000 1.750752000000 1.755296000000
