159.484881 70.907 44.883 44.670
139.706723 69.991 44.746 44.670
147.109538 70.180 44.866 44.670
139.713902 69.106 44.900 44.679
139.789390 69.994 44.887 44.670
160.380789 69.991 44.890 44.685
139.871251 69.994 44.878 44.680
159.508836 69.994 44.883 44.670
149.460755 68.314 44.816 44.680
139.776686 70.025 44.893 44.680
150.221150 69.990 44.908 44.670
139.721684 69.993 44.870 44.670
144.746503 69.226 44.899 44.670
140.055026 69.987 44.900 44.680
139.603274 69.997 44.883 44.670
160.138315 67.676 44.856 44.670
144.852523 69.999 44.901 44.670
140.261462 69.992 44.887 44.700
142.605740 69.993 44.875 44.680
141.883912 69.998 44.883 44.679
