0.069578 .012831000000 .010688000000 .006080000000
0.069131 .012832000000 .010655000000 .006112000000
0.069771 .012767000000 .010816000000 .006080000000
0.069951 .012864000000 .010560000000 .006048000000
0.071504 .012768000000 .010688000000 .006112000000
0.071922 .012736000000 .010144000000 .006080000000
0.066407 .012864000000 .010432000000 .006048000000
0.071864 .012768000000 .010816000000 .006080000000
0.073059 .012768000000 .010496000000 .006080000000
0.070716 .012736000000 .010432000000 .006048000000
0.068720 .012800000000 .010496000000 .006176000000
0.071820 .012736000000 .010625000000 .006112000000
0.073323 .012768000000 .010592000000 .006080000000
0.070698 .012832000000 .010655000000 .006112000000
0.079263 .012800000000 .010688000000 .006080000000
0.071085 .012864000000 .010591000000 .006080000000
0.072899 .012735000000 .010464000000 .006111000000
0.070755 .012800000000 .010496000000 .006240000000
0.078550 .012800000000 .010720000000 .006080000000
0.078703 .012704000000 .010496000000 .006080000000
