     50,0         20846493      1  20846493,0  20846493,0  20846493  20846493          0,0  [CUDA memcpy DtoH]
 515,899         1  515,899   515,899   515,899   515,899   0,000        [CUDA memcpy DtoH]
     50,0         20868605      1  20868605,0  20868605,0  20868605  20868605          0,0  [CUDA memcpy DtoH]
 515,899         1  515,899   515,899   515,899   515,899   0,000        [CUDA memcpy DtoH]
     50,0         20798078      1  20798078,0  20798078,0  20798078  20798078          0,0  [CUDA memcpy DtoH]
 515,899         1  515,899   515,899   515,899   515,899   0,000        [CUDA memcpy DtoH]
     51,0         21065591      1  21065591,0  21065591,0  21065591  21065591          0,0  [CUDA memcpy DtoH]
 515,899         1  515,899   515,899   515,899   515,899   0,000        [CUDA memcpy DtoH]
     51,0         21026168      1  21026168,0  21026168,0  21026168  21026168          0,0  [CUDA memcpy DtoH]
 515,899         1  515,899   515,899   515,899   515,899   0,000        [CUDA memcpy DtoH]
     50,0         20798365      1  20798365,0  20798365,0  20798365  20798365          0,0  [CUDA memcpy DtoH]
 515,899         1  515,899   515,899   515,899   515,899   0,000        [CUDA memcpy DtoH]
     50,0         20847612      1  20847612,0  20847612,0  20847612  20847612          0,0  [CUDA memcpy DtoH]
 515,899         1  515,899   515,899   515,899   515,899   0,000        [CUDA memcpy DtoH]
     50,0         20829435      1  20829435,0  20829435,0  20829435  20829435          0,0  [CUDA memcpy DtoH]
 515,899         1  515,899   515,899   515,899   515,899   0,000        [CUDA memcpy DtoH]
     50,0         20874170      1  20874170,0  20874170,0  20874170  20874170          0,0  [CUDA memcpy DtoH]
 515,899         1  515,899   515,899   515,899   515,899   0,000        [CUDA memcpy DtoH]
     50,0         20792763      1  20792763,0  20792763,0  20792763  20792763          0,0  [CUDA memcpy DtoH]
 515,899         1  515,899   515,899   515,899   515,899   0,000        [CUDA memcpy DtoH]
     51,0         21028086      1  21028086,0  21028086,0  21028086  21028086          0,0  [CUDA memcpy DtoH]
 515,899         1  515,899   515,899   515,899   515,899   0,000        [CUDA memcpy DtoH]
     50,0         20783260      1  20783260,0  20783260,0  20783260  20783260          0,0  [CUDA memcpy DtoH]
 515,899         1  515,899   515,899   515,899   515,899   0,000        [CUDA memcpy DtoH]
     51,0         21013046      1  21013046,0  21013046,0  21013046  21013046          0,0  [CUDA memcpy DtoH]
 515,899         1  515,899   515,899   515,899   515,899   0,000        [CUDA memcpy DtoH]
     51,0         20997365      1  20997365,0  20997365,0  20997365  20997365          0,0  [CUDA memcpy DtoH]
 515,899         1  515,899   515,899   515,899   515,899   0,000        [CUDA memcpy DtoH]
     50,0         20785498      1  20785498,0  20785498,0  20785498  20785498          0,0  [CUDA memcpy DtoH]
 515,899         1  515,899   515,899   515,899   515,899   0,000        [CUDA memcpy DtoH]
     51,0         20988436      1  20988436,0  20988436,0  20988436  20988436          0,0  [CUDA memcpy DtoH]
 515,899         1  515,899   515,899   515,899   515,899   0,000        [CUDA memcpy DtoH]
     50,0         20896759      1  20896759,0  20896759,0  20896759  20896759          0,0  [CUDA memcpy DtoH]
 515,899         1  515,899   515,899   515,899   515,899   0,000        [CUDA memcpy DtoH]
     51,0         21051186      1  21051186,0  21051186,0  21051186  21051186          0,0  [CUDA memcpy DtoH]
 515,899         1  515,899   515,899   515,899   515,899   0,000        [CUDA memcpy DtoH]
     51,0         21011475      1  21011475,0  21011475,0  21011475  21011475          0,0  [CUDA memcpy DtoH]
 515,899         1  515,899   515,899   515,899   515,899   0,000        [CUDA memcpy DtoH]
     51,0         21061745      1  21061745,0  21061745,0  21061745  21061745          0,0  [CUDA memcpy DtoH]
 515,899         1  515,899   515,899   515,899   515,899   0,000        [CUDA memcpy DtoH]
