     49,0         20253676      3   6751225,0       864,0       864  20251948   11691968,0  [CUDA memcpy HtoD]
 515,900         3  171,967   0,001     0,001     515,899   297,854      [CUDA memcpy HtoD]
     49,0         20290156      3   6763385,0       864,0       864  20288428   11713030,0  [CUDA memcpy HtoD]
 515,900         3  171,967   0,001     0,001     515,899   297,854      [CUDA memcpy HtoD]
     49,0         20219660      3   6739886,0       863,0       832  20217965   11672358,0  [CUDA memcpy HtoD]
 515,900         3  171,967   0,001     0,001     515,899   297,854      [CUDA memcpy HtoD]
     48,0         20102096      3   6700698,0       896,0       864  20100336   11604426,0  [CUDA memcpy HtoD]
 515,900         3  171,967   0,001     0,001     515,899   297,854      [CUDA memcpy HtoD]
     48,0         20038737      3   6679579,0       864,0       864  20037009   11567873,0  [CUDA memcpy HtoD]
 515,900         3  171,967   0,001     0,001     515,899   297,854      [CUDA memcpy HtoD]
     49,0         20181101      3   6727033,0       896,0       864  20179341   11650039,0  [CUDA memcpy HtoD]
 515,900         3  171,967   0,001     0,001     515,899   297,854      [CUDA memcpy HtoD]
     49,0         20247595      3   6749198,0       896,0       864  20245835   11688430,0  [CUDA memcpy HtoD]
 515,900         3  171,967   0,001     0,001     515,899   297,854      [CUDA memcpy HtoD]
     49,0         20209291      3   6736430,0       896,0       864  20207531   11666315,0  [CUDA memcpy HtoD]
 515,900         3  171,967   0,001     0,001     515,899   297,854      [CUDA memcpy HtoD]
     49,0         20268585      3   6756195,0       864,0       864  20266857   11700576,0  [CUDA memcpy HtoD]
 515,900         3  171,967   0,001     0,001     515,899   297,854      [CUDA memcpy HtoD]
     49,0         20261001      3   6753667,0       896,0       864  20259241   11696170,0  [CUDA memcpy HtoD]
 515,900         3  171,967   0,001     0,001     515,899   297,854      [CUDA memcpy HtoD]
     48,0         20040655      3   6680218,0       864,0       864  20038927   11568981,0  [CUDA memcpy HtoD]
 515,900         3  171,967   0,001     0,001     515,899   297,854      [CUDA memcpy HtoD]
     49,0         20186987      3   6728995,0       864,0       864  20185259   11653465,0  [CUDA memcpy HtoD]
 515,900         3  171,967   0,001     0,001     515,899   297,854      [CUDA memcpy HtoD]
     48,0         20017678      3   6672559,0       864,0       864  20015950   11555715,0  [CUDA memcpy HtoD]
 515,900         3  171,967   0,001     0,001     515,899   297,854      [CUDA memcpy HtoD]
     48,0         20036525      3   6678841,0       896,0       864  20034765   11566568,0  [CUDA memcpy HtoD]
 515,900         3  171,967   0,001     0,001     515,899   297,854      [CUDA memcpy HtoD]
     49,0         20142154      3   6714051,0       864,0       864  20140426   11627581,0  [CUDA memcpy HtoD]
 515,900         3  171,967   0,001     0,001     515,899   297,854      [CUDA memcpy HtoD]
     48,0         20057069      3   6685689,0       897,0       864  20055308   11578429,0  [CUDA memcpy HtoD]
 515,900         3  171,967   0,001     0,001     515,899   297,854      [CUDA memcpy HtoD]
     49,0         20296899      3   6765633,0       863,0       863  20295173   11716925,0  [CUDA memcpy HtoD]
 515,900         3  171,967   0,001     0,001     515,899   297,854      [CUDA memcpy HtoD]
     48,0         20091786      3   6697262,0       864,0       864  20090058   11598501,0  [CUDA memcpy HtoD]
 515,900         3  171,967   0,001     0,001     515,899   297,854      [CUDA memcpy HtoD]
     48,0         20033515      3   6677838,0       864,0       864  20031787   11564858,0  [CUDA memcpy HtoD]
 515,900         3  171,967   0,001     0,001     515,899   297,854      [CUDA memcpy HtoD]
     48,0         20141097      3   6713699,0       864,0       864  20139369   11626971,0  [CUDA memcpy HtoD]
 515,900         3  171,967   0,001     0,001     515,899   297,854      [CUDA memcpy HtoD]
