0.081233 .010816000000 .011519000000 .007583000000
0.082235 .010943000000 .012128000000 .007616000000
0.077647 .010976000000 .011455000000 .007552000000
0.085561 .011232000000 .011519000000 .007584000000
0.084539 .010975000000 .011583000000 .007616000000
0.080972 .010944000000 .011679000000 .007584000000
0.072727 .010944000000 .011648000000 .007552000000
0.084649 .010912000000 .011647000000 .007616000000
0.079280 .010847000000 .011552000000 .007616000000
0.076264 .010944000000 .011679000000 .007520000000
0.080211 .010976000000 .013600000000 .007616000000
0.074541 .011071000000 .011552000000 .007584000000
0.080442 .010976000000 .011551000000 .007520000000
0.083498 .010976000000 .011839000000 .007808000000
0.074580 .010944000000 .011552000000 .007616000000
0.073338 .010976000000 .011519000000 .007648000000
0.085772 .010976000000 .011520000000 .007648000000
0.079910 .010976000000 .011424000000 .007551000000
0.080502 .010976000000 .011519000000 .007584000000
0.073699 .010912000000 .011615000000 .007584000000
