72.609013 31.533782000000 20.253676000000 20.846493000000
70.727437 31.532662000000 20.290156000000 20.868605000000
72.379521 31.526037000000 20.219660000000 20.798078000000
70.697601 31.529813000000 20.102096000000 21.065591000000
72.549921 31.541076000000 20.038737000000 21.026168000000
70.583264 31.528500000000 20.181101000000 20.798365000000
72.664565 31.533491000000 20.247595000000 20.847612000000
70.880933 31.532146000000 20.209291000000 20.829435000000
71.593677 31.533938000000 20.268585000000 20.874170000000
72.710270 31.532401000000 20.261001000000 20.792763000000
70.754023 31.534130000000 20.040655000000 21.028086000000
72.420644 31.532144000000 20.186987000000 20.783260000000
70.780762 31.527856000000 20.017678000000 21.013046000000
72.634705 31.536622000000 20.036525000000 20.997365000000
70.728544 31.537006000000 20.142154000000 20.785498000000
72.594969 31.536174000000 20.057069000000 20.988436000000
70.865761 31.528044000000 20.296899000000 20.896759000000
72.735704 31.543499000000 20.091786000000 21.051186000000
72.644181 31.531980000000 20.033515000000 21.011475000000
71.882907 31.535979000000 20.141097000000 21.061745000000
