4.312723 3.8249 .052313000000 .056479000000
4.270169 3.8220 .051738000000 .056115000000
4.306108 3.8237 .052625000000 .055698000000
4.344650 3.8232 .052987000000 .055907000000
4.291472 3.8223 .052571000000 .056167000000
4.307671 3.8228 .052102000000 .056740000000
4.302879 3.8223 .052676000000 .057470000000
4.292097 3.8229 .052157000000 .056167000000
4.335588 3.8244 .052207000000 .055802000000
4.281576 3.8230 .053408000000 .057522000000
4.286003 3.8241 .052675000000 .055698000000
4.308452 3.8251 .051999000000 .055854000000
4.308296 3.8222 .052988000000 .055959000000
4.287983 3.8244 .052417000000 .055959000000
4.321941 3.8249 .052363000000 .056062000000
4.300691 3.8248 .050852000000 .056322000000
4.326212 3.8244 .052259000000 .056218000000
4.319234 3.8233 .052103000000 .056689000000
4.328608 3.8220 .052570000000 .057000000000
4.283346 3.8236 .052936000000 .056270000000
