0.433137 .018184000000 .004170000000 .000626000000
0.460273 .018341000000 .004273000000 .000625000000
0.266257 .018080000000 .004220000000 .000625000000
0.431418 .018132000000 .004325000000 .000678000000
0.438345 .018080000000 .004584000000 .000677000000
0.251361 .018132000000 .004534000000 .000625000000
0.441783 .018184000000 .004168000000 .000625000000
0.428866 .018236000000 .004274000000 .000678000000
0.431887 .018236000000 .004327000000 .000677000000
0.244226 .018132000000 .004428000000 .000677000000
0.434960 .018184000000 .004480000000 .000678000000
0.432148 .018132000000 .004324000000 .000677000000
0.351207 .018184000000 .004272000000 .000625000000
0.431783 .018236000000 .004272000000 .000625000000
0.420064 .018183000000 .004427000000 .000625000000
0.434544 .018340000000 .004220000000 .000677000000
0.236986 .018132000000 .004324000000 .000677000000
0.494128 .018184000000 .004271000000 .000677000000
0.476159 .018080000000 .004271000000 .000626000000
0.470742 .018184000000 .004273000000 .000625000000
